~		Entered Matrix is

			       2.00        6.00 
			       8.00       -9.00 

			The Determinant of the Matrix is : -66.00


			 The Inverse of matrix is . . . 


			      0.136      0.091

			      0.121     -0.030

               ------------------------------------------------------------------------------------------


~		Entered Matrix is

			       3.00        5.00        6.00        4.00 
			       3.00        2.00        4.00        6.00 
			       8.00        8.00        6.00        5.00 
			       3.00        1.00        8.00      -12.00 

			The Determinant of the Matrix is : -1470.00


			 The Inverse of matrix is . . . 


			     -0.359      0.189      0.171      0.046

			      0.261     -0.350      0.057     -0.064

			      0.120      0.128     -0.114      0.056

			      0.012      0.103     -0.029     -0.039

               ------------------------------------------------------------------------------------------


~		Entered Matrix is:

			      3.00        6.00  

			      3.00        1.00  

			      8.00       -9.00  

			Transpose of Matrix is:


			      3.00        3.00        8.00  

			      6.00        1.00       -9.00  

               ------------------------------------------------------------------------------------------


~		Entered Matrix is:

			      2.00        4.00  

			      6.00        3.00  

			Transpose of Matrix is:


			      2.00        6.00  

			      4.00        3.00  

               ------------------------------------------------------------------------------------------


~		Entered Matrix is:

			      4.00  

			      3.00  

			Transpose of Matrix is:


			      4.00        3.00  

               ------------------------------------------------------------------------------------------


~		Entered Matrix is

			       2.00        4.00 
			       5.00        3.00 

			The Determinant of the Matrix is : -14.00


			 The Inverse of matrix is . . . 


			     -0.214      0.286

			      0.357     -0.143

               ------------------------------------------------------------------------------------------


~		Entered Matrix is

			       1.00        2.00        3.00 
			       3.00        2.00        1.00 
			       2.00        3.00        4.00 

			The Determinant of the Matrix is : 0.00
                ------------------------------------------------------------------------------------------

~		Entered Matrix is:

			      9.00        8.00        4.00  

			      1.00        6.00        2.00  

			Transpose of Matrix is:


			      9.00        1.00  

			      8.00        6.00  

			      4.00        2.00  

               ------------------------------------------------------------------------------------------


~		Entered Matrix is

			       2.00        6.00 
			       8.00       -9.00 

			The Determinant of the Matrix is : -66.00


			 The Inverse of matrix is . . . 


			      0.136      0.091

			      0.121     -0.030

               ------------------------------------------------------------------------------------------


~		Entered Matrix is

			       3.00        5.00        6.00        4.00 
			       3.00        2.00        4.00        6.00 
			       8.00        8.00        6.00        5.00 
			       3.00        1.00        8.00      -12.00 

			The Determinant of the Matrix is : -1470.00


			 The Inverse of matrix is . . . 


			     -0.359      0.189      0.171      0.046

			      0.261     -0.350      0.057     -0.064

			      0.120      0.128     -0.114      0.056

			      0.012      0.103     -0.029     -0.039

               ------------------------------------------------------------------------------------------


~		Entered Matrix is:

			      3.00        6.00  

			      3.00        1.00  

			      8.00       -9.00  

			Transpose of Matrix is:


			      3.00        3.00        8.00  

			      6.00        1.00       -9.00  

               ------------------------------------------------------------------------------------------


~		Entered Matrix is:

			      2.00        4.00  

			      6.00        3.00  

			Transpose of Matrix is:


			      2.00        6.00  

			      4.00        3.00  

               ------------------------------------------------------------------------------------------


~		Entered Matrix is:

			      4.00  

			      3.00  

			Transpose of Matrix is:


			      4.00        3.00  

               ------------------------------------------------------------------------------------------


~		Entered Matrix is

			       2.00        4.00 
			       5.00        3.00 

			The Determinant of the Matrix is : -14.00


			 The Inverse of matrix is . . . 


			     -0.214      0.286

			      0.357     -0.143

               ------------------------------------------------------------------------------------------


~		Entered Matrix is

			       1.00        2.00        3.00 
			       3.00        2.00        1.00 
			       2.00        3.00        4.00 

			The Determinant of the Matrix is : 0.00
                ------------------------------------------------------------------------------------------

~		Entered Matrix is:

			      9.00        8.00        4.00  

			      1.00        6.00        2.00  

			Transpose of Matrix is:


			      9.00        1.00  

			      8.00        6.00  

			      4.00        2.00  

               ------------------------------------------------------------------------------------------


~		Entered Matrix is

			       2.00        6.00 
			       8.00       -9.00 

			The Determinant of the Matrix is : -66.00


			 The Inverse of matrix is . . . 


			      0.136      0.091

			      0.121     -0.030

               ------------------------------------------------------------------------------------------


~		Entered Matrix is

			       3.00        5.00        6.00        4.00 
			       3.00        2.00        4.00        6.00 
			       8.00        8.00        6.00        5.00 
			       3.00        1.00        8.00      -12.00 

			The Determinant of the Matrix is : -1470.00


			 The Inverse of matrix is . . . 


			     -0.359      0.189      0.171      0.046

			      0.261     -0.350      0.057     -0.064

			      0.120      0.128     -0.114      0.056

			      0.012      0.103     -0.029     -0.039

               ------------------------------------------------------------------------------------------


~		Entered Matrix is:

			      3.00        6.00  

			      3.00        1.00  

			      8.00       -9.00  

			Transpose of Matrix is:


			      3.00        3.00        8.00  

			      6.00        1.00       -9.00  

               ------------------------------------------------------------------------------------------


~		Entered Matrix is:

			      2.00        4.00  

			      6.00        3.00  

			Transpose of Matrix is:


			      2.00        6.00  

			      4.00        3.00  

               ------------------------------------------------------------------------------------------


~		Entered Matrix is:

			      4.00  

			      3.00  

			Transpose of Matrix is:


			      4.00        3.00  

               ------------------------------------------------------------------------------------------


~		Entered Matrix is

			       2.00        4.00 
			       5.00        3.00 

			The Determinant of the Matrix is : -14.00


			 The Inverse of matrix is . . . 


			     -0.214      0.286

			      0.357     -0.143

               ------------------------------------------------------------------------------------------


~		Entered Matrix is

			       1.00        2.00        3.00 
			       3.00        2.00        1.00 
			       2.00        3.00        4.00 

			The Determinant of the Matrix is : 0.00
                ------------------------------------------------------------------------------------------

~		Entered Matrix is:

			      9.00        8.00        4.00  

			      1.00        6.00        2.00  

			Transpose of Matrix is:


			      9.00        1.00  

			      8.00        6.00  

			      4.00        2.00  

               ------------------------------------------------------------------------------------------


~		Entered Matrix is

			       3.00        4.00 
			       3.00        4.00 

			The Determinant of the Matrix is : 0.00


               ------------------------------------------------------------------------------------------


